[0, 0]
[1, 0]
[2, 0]
[3, 0]
[4, 0]
[5, 0]
[6, 0]
[7, 0]
[8, 0]
[9, 0]
[10, 0]
[11, 0]
[12, 0]
[13, 0]
[14, 0]
[0, 1]
[12, 1]
[14, 1]
[0, 2]
[5, 2]
[12, 2]
[14, 2]
[0, 3]
[1, 3]
[2, 3]
[3, 3]
[10, 3]
[12, 3]
[14, 3]
[0, 4]
[10, 4]
[12, 4]
[14, 4]
[0, 5]
[8, 5]
[9, 5]
[10, 5]
[11, 5]
[12, 5]
[14, 5]
[0, 6]
[14, 6]
[0, 7]
[14, 7]
[0, 8]
[1, 8]
[2, 8]
[3, 8]
[4, 8]
[5, 8]
[9, 8]
[10, 8]
[11, 8]
[12, 8]
[14, 8]
[0, 9]
[14, 9]
[0, 10]
[1, 10]
[2, 10]
[3, 10]
[4, 10]
[5, 10]
[6, 10]
[7, 10]
[8, 10]
[9, 10]
[10, 10]
[11, 10]
[12, 10]
[13, 10]
[14, 10]